-0.1365510446303091
-0.12161190260080446
-0.24069391565603837
-0.3913310965443628
-0.1745970633937759
-0.33082931025010964
-0.3232531290067442
-0.17118321599905073
-0.22652374232090722
-0.19586077037774885
-0.16577183058926437
-0.08711510441598591
-0.04657151900076428
-0.1742341897371773
-0.0774140104720118
-0.2633589770400846
-0.20039551387942822
-0.25736414910248584
-0.3402106433145633
-0.05432154927927968
-0.05386546721938146
-0.16736669172850327
-0.18995934681203153
-0.2294152727663743
-0.2250478270228342
-0.5412826090100111
-0.27070341206990634
-0.23051976323067436
-0.05167368662743854
-0.16323272829411906
-0.18464246112641547
0.0
0.0
0.0
-0.10835178164401782
-0.34401682483866125
-0.37453030044319746
-0.08950436374810522
-0.07162973973656506
-0.10675531136642746
-0.2183042077503785
-0.2652504787187411
-0.04856133213861824
-0.14587704816032954
-0.3310744471999669
-0.07192527169475227
-0.22559862430686906
-0.21731790738485302
-0.11269754025734358
-0.07867792108922345
-0.1575516245904396
-0.2625421808456281
-0.10845554428027526
-0.21242382665882076
0.0
-0.05773475440652476
-0.10118770813981826
-0.11623293874606588
-0.6570520694183841
-0.2911133690615202
-0.1101852317924994
-0.07311961350877993
-0.015542482634430144
-0.047798802597526446
-0.11217614625155647
-0.09657027829969422
-0.07937361519473995
-0.2130501104560949
-0.038838776657371454
-0.08391442369619995
-0.22799255780779504
-0.17292132171786534
-0.2408837493081819
-0.005410208216005685
-0.07619150646276296
-0.03572725457442516
-0.38242054404331327
-0.7218026012056669
-0.2704318236769865
-0.4915080524814073
-0.4210003856400988
-0.6096369109299076
-0.19645866555723046
-0.28097973844738533
-0.18321300198820722
-0.3967967842208395
-0.34118809377426373
-0.2911612774311152
-0.1493662934005897
-0.11802139599357986
-0.2235471665619997
-0.22624953041518836
-0.12740265559543218
-0.21742708805686561
-0.41661164098891845
-0.24361362265806008
-0.20102326890652478
-0.1331412462856605
-0.0996587599038321
-0.3737338666931578
-0.16373290127846474
-0.36380807853821295
-0.5138997249843129
-0.30974696251537637
-0.2274899861750157
-0.09298842029907917
-0.17118419384976846
0.0
0.0
-0.05755197485045471
-0.012363956485117455
-0.028157998574315002
-0.06191153344489919
-0.09493297063946216
-0.2432973439271251
-0.4070857254485958
-0.3359102875627684
-0.48009561761790565
-0.5403737596473945
-0.35681322381638836
-0.12861987429560884
-0.15714505053946937
-0.3219480874816867
-0.11404497005506187
-0.3066473688356979
-0.23856196128278384
-0.3239973839787922
-0.25072259802291796
-0.28992286413799206
-0.35193467661886757
-0.21273758246550756
-0.6653732177798588
-0.5459841829069774
-0.34910431591141844
-0.4003004475206353
-0.304423818401375
-0.26217516162948584
-0.5717866830780309
-0.7872105974772268
-0.4135148830793298
-0.6281635980192277
-0.5842704135442034
-0.2775597146039104
-0.3734918292023792
-0.597662319635532
-0.344873755098547
-0.26156195338614907
-0.22041564022578086
-0.059418683708187814
0.0
0.0
0.0
0.0
0.0
-0.3714459173245501
-0.12625078310732363
-0.0661000661583131
-0.032919185587118704
-0.098753694836347
-0.20889403577645282
-0.21398437238357815
-0.3101361312696014
-0.45221648951962834
-0.38090125228072935
-0.43474268717388753
-0.17515714028632345
-0.1282261915710876
-0.11815674411441535
-0.10432516141884918
-0.2939727345733303
-0.1644644645321165
-0.20749473024686438
-0.3287920048305182
-0.3978904238003125
-0.2717078275958258
-0.49828263575001586
-0.3333799787721432
-0.3199558261349651
-0.4202429500854521
-0.1692178901164425
-0.5953615075045064
-0.16949026246413013
-0.11288393136451447
-0.2753350135528052
-0.09823861351861041
-0.17478004974387318
-0.3216694004865488
-0.34779481571214177
-0.47868337425722274
-0.4201549956670192
-0.02719130811227899
-0.5458044463690612
-0.6926320475809788
-0.5398342625329846
-0.5088938354176378
-0.27689703745631533
-0.42511235660905555
-0.42431021937753854
-0.2610952094911241
-0.5218953828362558
-0.4974287220712057
-0.27075466046828467
-0.43606453661026734
-0.26683738159561443
-0.3199243583969178
-0.27114760322387355
-0.21896321943420816
-0.2977088455121333
-0.17886550067553486
-0.10924486513207654
-0.2699690808174964
-0.41355795302319365
-0.4283772893358204
-0.3358521340504339
-0.3478375523430799
-0.4064554009355561
-0.4460272470768061
-0.1600162551125237
-0.32227695431407
-0.45080891491605257
-0.34840869786747675
-0.327924772612775
-0.23463200330645861
-0.1603921277657605
-0.1323151936129321
-0.13684413991068567
-0.05264736912908319
-0.11883381735709975
0.0
-0.08266728257448364
-0.1288426989589695
-0.2953138582681092
-0.2060738513089646
-0.31140165188002555
-0.4096069471654076
-0.14301112732224652
-0.13130951608455632
-0.15486695488298352
-0.1295565326726873
-0.06861755753196519
-0.213591641100642
-0.26418460408287814
-0.4245686052695916
-0.5809715859099924
-0.3309072180225954
-0.3858411400887576
-0.3171512862434511
-0.24397963026019198
-0.25141568778328605
-0.012358089962106078
-0.2260085356374546
-0.23164635238926934
-0.2979172180737848
-0.3749633547369058
-0.08804134193826485
-0.2703645503854304
-0.4966788698657396
-0.29041797048572704
-0.2723612689157804
-0.21154640294469118
-0.07834196178520614
-0.31647419299468993
-0.1780415233887993
-0.07198734282114572
-0.4704403298954247
-0.07426509568869477
-0.3679828298129877
-0.29920173868251254
-0.2758836106461189
-0.2923591921569013
-0.21718999233214475
-0.2435058488424957
-0.38161316158225134
-0.45387848249222884
-0.2980352245655915
-0.2574960357180949
-0.42020887365590553
-0.23360401530755226
-0.21634303066649352
-0.31696210130272107
-0.22700701745614538
-0.21255248281333294
-0.027787767330593738
-0.11710946165658953
-0.3111761066303771
-0.22989908053543218
-0.29236368374960264
-0.1845031384942395
-0.3491967853527598
-0.6359680556577345
-0.19020168556141925
-0.30709481799577887
-0.16705518955221166
-0.28546995172794354
-0.3326927384912146
-0.3370282253988144
-0.3873170397125101
-0.31704330857062857
-0.46909751342151296
-0.10445120357501736
-0.24354643793605746
-0.12468041950854314
-0.07253220887384515
-0.10016787108706282
-0.1509738497646964
-0.17793021351489458
0.0
0.0
-0.0375779836046064
-0.006950137132207601
-0.16003492295883603
-0.33834179286586874
-0.08639439501455115
-0.3769512884963362
-0.7921968096638388
-0.5533452734042044
-0.6583107461364186
-0.40026092696467686
-0.3314284816403372
-0.2468226720705502
-0.12258617933602522
-0.26933845537216783
-0.14554923177906431
-0.09467946273121797
-0.05286130071754158
-0.007957054215022907
-0.15949317404134788
-0.1749722705210992
-0.052546954767514364
-0.1345704688043483
-0.3393404087925731
-0.28538923343622
-0.27168368418398714
-0.46232021103959653
-0.6419485485882923
-0.4412748997860625
-0.47673563482983283
-0.5059046350574157
-0.21100780784048112
-0.13793289905382444
-0.018781837673335744
0.0
0.0
-0.18428785732698216
-0.03006401657773594
-0.16347854290359543
-0.10660831645236613
-0.35704984338413404
-0.23368375171524391
-0.20345575105075575
-0.1526469443652978
-0.12132957091104402
-0.13050860308621104
-0.1869380221971415
0.0
0.0
0.0
0.0
-0.21267083711494195
-0.3065588274352482
-0.39880626644404416
-0.30989544135077907
-0.6160966559618046
-0.3187465221082686
-0.18486652099817746
-0.09727346873765086
-0.01193568538579548
-0.0890502145897738
-0.21622758624264726
-0.13887135240114645
-0.00438961340555899
-0.003970502420255428
-0.057992906944118516
-0.2414103133581147
-0.09793206476119742
-0.005504562567548277
0.0
0.0
-0.26111301625520333
-0.32662103220073746
-0.2700141602274009
-0.4668244463662603
-0.12978722117128783
-0.31051988177209555
-0.10332563116905291
-0.135771642080325
-0.20920523762672616
-0.022036721827853434
-0.3371341863029942
-0.3901590656454452
-0.6272713225016364
-0.21401430692436918
-0.6594711888099676
-0.2288403696594088
-0.33076307603349875
-0.23411074484272376
-0.0586515960449745
-0.07729093228522643
0.0
0.0
-0.14503393079883953
-0.012925424417619347
-0.2361928279635377
-0.11345811126213157
-0.051298675551378015
0.0
0.0
0.0
-0.07546920972586912
-0.30917499106949764
-0.503336073842275
-0.17920878266783635
-0.2810902970008726
-0.5085423498240971
-0.4377167372714177
-0.4942953689463636
-0.19152823883956982
0.0
0.0
-0.21032619301436373
-0.2293679378789112
-0.17801601668407685
-0.12187487198515229
-0.06756983267637667
